lcl|NC_014637.1_gene_2	YP_003969634.1	100.000	594	0	0	1	1782	1	594	0.0	1181
lcl|NC_014637.1_gene_2	YP_003969634.1	27.119	236	162	7	925	230	39	268	1.03e-04	42.4
lcl|NC_014637.1_gene_2	YP_003969634.1	24.574	411	295	9	1492	284	26	429	0.001	38.9
lcl|NC_014637.1_gene_2	YP_003969634.1	28.279	244	168	4	955	230	96	334	0.073	33.1
lcl|NC_014637.1_gene_2	YP_003969634.1	25.361	485	337	15	1648	230	83	554	0.079	33.1
lcl|NC_014637.1_gene_2	YP_003969634.1	26.140	329	234	5	1210	239	54	378	3.3	27.7
lcl|NC_014637.1_gene_2	YP_003969663.1	62.632	380	138	2	61	1188	31	410	1.08e-144	422
lcl|NC_014637.1_gene_2	YP_003969663.1	61.436	376	140	3	601	1716	36	410	2.90e-138	405
lcl|NC_014637.1_gene_2	YP_003969663.1	58.561	403	159	4	463	1650	9	410	1.47e-137	404
lcl|NC_014637.1_gene_2	YP_003969663.1	55.890	399	168	4	595	1770	9	406	7.62e-127	376
lcl|NC_014637.1_gene_2	YP_003970160.1	44.706	595	300	8	52	1767	37	625	1.48e-141	423
lcl|NC_014637.1_gene_2	YP_003970160.1	46.097	538	249	3	271	1770	23	557	1.03e-131	397
lcl|NC_014637.1_gene_2	YP_003970160.1	42.515	501	202	4	523	1767	19	519	2.73e-104	326
lcl|NC_014637.1_gene_2	YP_003970160.1	35.443	79	41	5	37	264	554	625	0.19	31.6
lcl|NC_014637.1_gene_2	YP_003969746.1	42.931	580	325	4	22	1755	3	578	1.20e-125	380
lcl|NC_014637.1_gene_2	YP_003969746.1	45.781	474	254	1	337	1758	21	491	4.49e-118	360
lcl|NC_014637.1_gene_2	YP_003969746.1	40.397	302	174	4	67	966	282	579	5.41e-46	168
lcl|NC_014637.1_gene_2	YP_003969746.1	44.138	145	81	0	1327	1761	21	165	7.45e-26	109
lcl|NC_014637.1_gene_2	YP_003969746.1	39.594	197	113	4	52	636	387	579	2.26e-25	107
lcl|NC_014637.1_gene_2	YP_003969746.1	33.333	120	73	5	61	411	477	592	0.002	37.7
lcl|NC_014637.1_gene_2	YP_007354638.1	46.398	472	232	21	316	1731	74	524	1.57e-125	377
lcl|NC_014637.1_gene_2	YP_007354638.1	45.135	483	241	22	151	1596	64	523	1.49e-121	367
lcl|NC_014637.1_gene_2	YP_007354638.1	43.523	386	183	16	649	1746	75	445	1.03e-88	282
lcl|NC_014637.1_gene_2	YP_007354638.1	38.585	311	138	13	64	870	224	523	5.95e-53	186
lcl|NC_014637.1_gene_2	YP_007354638.1	40.784	255	122	10	1042	1746	74	319	2.25e-49	177
lcl|NC_014637.1_gene_2	YP_007354638.1	29.508	61	39	3	46	222	470	528	1.9	28.5
lcl|NC_014637.1_gene_2	YP_003969700.1	43.659	552	282	6	184	1755	37	587	2.33e-118	362
lcl|NC_014637.1_gene_2	YP_003969700.1	43.605	516	285	3	229	1758	29	544	4.80e-116	356
lcl|NC_014637.1_gene_2	YP_003969700.1	39.688	577	289	6	91	1659	26	597	1.92e-105	328
lcl|NC_014637.1_gene_2	YP_003969700.1	40.426	235	109	7	64	687	353	583	1.09e-34	136
lcl|NC_014637.1_gene_2	YP_003969700.1	39.362	188	105	5	52	603	415	597	1.84e-23	102
lcl|NC_014637.1_gene_2	YP_003970042.1	40.489	573	316	8	97	1755	27	594	6.55e-111	343
lcl|NC_014637.1_gene_2	YP_003970042.1	41.445	526	278	10	94	1611	95	610	1.18e-97	309
lcl|NC_014637.1_gene_2	YP_003970042.1	38.776	49	30	0	1612	1758	27	75	7.2	26.6
lcl|NC_014637.1_gene_2	YP_003970144.1	44.301	465	253	3	247	1635	5	465	2.73e-102	316
lcl|NC_014637.1_gene_2	YP_003970144.1	44.344	442	241	3	439	1755	2	441	7.71e-96	299
lcl|NC_014637.1_gene_2	YP_003970144.1	42.888	464	258	4	184	1569	7	465	8.94e-95	296
lcl|NC_014637.1_gene_2	YP_003970144.1	39.329	417	224	6	64	1305	75	465	5.13e-69	229
lcl|NC_014637.1_gene_2	YP_003970144.1	24.324	74	56	0	1666	1445	307	380	0.65	30.0
lcl|NC_014637.1_gene_2	YP_003970144.1	26.590	173	97	12	1651	1178	4	161	3.0	27.7
lcl|NC_014637.1_gene_2	YP_003970060.1	36.585	574	310	8	160	1731	9	578	4.13e-99	312
lcl|NC_014637.1_gene_2	YP_003970060.1	36.784	541	291	6	286	1755	26	566	3.35e-94	299
lcl|NC_014637.1_gene_2	YP_003970060.1	44.068	295	160	4	889	1758	29	323	2.13e-56	198
lcl|NC_014637.1_gene_2	YP_003970039.1	40.612	490	262	10	193	1593	30	513	7.96e-93	294
lcl|NC_014637.1_gene_2	YP_003970039.1	41.631	466	228	6	388	1659	50	513	2.66e-92	293
lcl|NC_014637.1_gene_2	YP_003970039.1	41.076	409	213	7	595	1752	53	456	1.54e-74	246
lcl|NC_014637.1_gene_2	YP_003970039.1	39.180	439	212	12	43	1281	110	519	3.39e-73	242
lcl|NC_014637.1_gene_2	YP_003970039.1	46.691	272	136	4	163	963	256	523	3.68e-65	221
lcl|NC_014637.1_gene_2	YP_003970039.1	41.237	291	124	3	64	936	291	534	1.80e-55	194
lcl|NC_014637.1_gene_2	YP_003970039.1	37.984	387	212	9	667	1755	33	415	1.79e-54	192
lcl|NC_014637.1_gene_2	YP_007354801.1	44.872	390	195	18	169	1335	214	584	1.23e-91	291
lcl|NC_014637.1_gene_2	YP_007354801.1	43.928	387	200	17	556	1716	210	579	2.52e-88	282
lcl|NC_014637.1_gene_2	YP_007354801.1	43.112	392	206	17	292	1467	210	584	6.78e-87	278
lcl|NC_014637.1_gene_2	YP_007354801.1	44.776	335	169	15	754	1758	210	528	4.07e-80	261
lcl|NC_014637.1_gene_2	YP_007354801.1	38.484	343	168	16	55	1071	281	584	3.05e-54	191
lcl|NC_014637.1_gene_2	YP_007354801.1	29.167	144	55	4	46	477	488	584	6.45e-10	58.9
lcl|NC_014637.1_gene_2	YP_003969659.1	55.088	285	117	5	61	894	31	311	3.37e-88	274
lcl|NC_014637.1_gene_2	YP_003969659.1	45.946	333	145	8	271	1239	11	318	1.69e-75	241
lcl|NC_014637.1_gene_2	YP_003969659.1	49.643	280	125	8	931	1743	36	308	1.66e-73	236
lcl|NC_014637.1_gene_2	YP_003969659.1	48.611	288	134	7	733	1569	36	318	2.27e-71	230
lcl|NC_014637.1_gene_2	YP_003969659.1	47.260	292	144	5	865	1719	36	324	1.39e-69	225
lcl|NC_014637.1_gene_2	YP_003969659.1	46.914	243	120	4	1063	1770	36	276	4.70e-60	200
lcl|NC_014637.1_gene_2	YP_003969659.1	47.030	202	99	4	64	648	119	319	1.08e-43	156
lcl|NC_014637.1_gene_2	YP_007354002.1	44.321	361	186	15	250	1332	27	372	9.24e-85	267
lcl|NC_014637.1_gene_2	YP_007354002.1	43.767	361	188	15	316	1398	27	372	1.49e-81	259
lcl|NC_014637.1_gene_2	YP_007354002.1	42.659	361	192	15	580	1662	27	372	2.43e-80	256
lcl|NC_014637.1_gene_2	YP_007354002.1	42.415	323	173	13	778	1746	27	336	2.86e-68	224
lcl|NC_014637.1_gene_2	YP_007354002.1	43.561	264	139	10	976	1767	27	280	1.74e-55	190
lcl|NC_014637.1_gene_2	YP_003970161.1	42.961	412	227	5	232	1461	29	434	2.04e-84	269
lcl|NC_014637.1_gene_2	YP_003970161.1	43.367	392	216	5	586	1755	37	424	4.01e-79	255
lcl|NC_014637.1_gene_2	YP_003970161.1	42.822	404	223	6	388	1593	37	434	4.27e-79	254
lcl|NC_014637.1_gene_2	YP_003970161.1	41.388	389	202	5	229	1329	50	434	1.73e-74	243
lcl|NC_014637.1_gene_2	YP_003970161.1	44.615	325	178	2	784	1758	37	359	3.23e-68	226
lcl|NC_014637.1_gene_2	YP_003970161.1	34.409	93	61	0	1468	1746	23	115	3.35e-08	53.1
lcl|NC_014637.1_gene_2	YP_007354687.1	30.862	580	303	20	112	1617	70	629	6.97e-81	265
lcl|NC_014637.1_gene_2	YP_007354687.1	30.996	542	302	20	19	1485	107	629	1.18e-68	233
lcl|NC_014637.1_gene_2	YP_007354687.1	32.471	425	244	14	586	1767	121	533	2.58e-65	223
lcl|NC_014637.1_gene_2	YP_007354687.1	28.175	252	139	12	1042	1770	71	289	7.37e-17	81.3
lcl|NC_014637.1_gene_2	YP_003970147.1	48.110	291	149	1	883	1755	25	313	1.47e-76	244
lcl|NC_014637.1_gene_2	YP_003970147.1	45.223	314	160	3	685	1602	25	334	1.05e-73	236
lcl|NC_014637.1_gene_2	YP_003970147.1	41.379	319	175	3	274	1206	20	334	2.02e-73	236
lcl|NC_014637.1_gene_2	YP_003970147.1	44.373	311	161	3	232	1140	28	334	2.02e-73	236
lcl|NC_014637.1_gene_2	YP_003970147.1	42.073	328	173	4	394	1338	11	334	3.76e-73	235
lcl|NC_014637.1_gene_2	YP_003970147.1	44.863	292	159	1	817	1692	25	314	3.62e-72	232
lcl|NC_014637.1_gene_2	YP_003970147.1	44.586	314	162	3	553	1470	25	334	5.47e-72	232
lcl|NC_014637.1_gene_2	YP_003970147.1	42.357	314	156	4	52	993	33	321	3.01e-66	217
lcl|NC_014637.1_gene_2	YP_003970147.1	46.304	257	136	1	1000	1770	20	274	1.31e-63	209
lcl|NC_014637.1_gene_2	YP_003970147.1	24.419	86	65	0	1666	1409	225	310	0.22	31.2
lcl|NC_014637.1_gene_2	YP_003970147.1	24.771	109	80	2	1666	1343	203	310	2.4	28.1
lcl|NC_014637.1_gene_2	YP_003970163.1	53.814	236	109	0	985	1692	6	241	1.14e-70	225
lcl|NC_014637.1_gene_2	YP_003970163.1	51.464	239	116	0	853	1569	6	244	4.74e-68	218
lcl|NC_014637.1_gene_2	YP_003970163.1	52.119	236	113	0	919	1626	6	241	8.22e-68	218
lcl|NC_014637.1_gene_2	YP_003970163.1	52.119	236	113	0	787	1494	6	241	8.13e-67	215
lcl|NC_014637.1_gene_2	YP_003970163.1	51.271	236	115	0	655	1362	6	241	1.12e-66	214
lcl|NC_014637.1_gene_2	YP_003970163.1	50.424	236	117	0	523	1230	6	241	3.35e-66	213
lcl|NC_014637.1_gene_2	YP_003970163.1	51.724	232	112	0	1051	1746	6	237	3.30e-65	211
lcl|NC_014637.1_gene_2	YP_003970163.1	51.695	236	114	0	721	1428	6	241	3.71e-65	211
lcl|NC_014637.1_gene_2	YP_003970163.1	49.583	240	120	1	325	1044	6	244	6.83e-65	210
lcl|NC_014637.1_gene_2	YP_003970163.1	48.333	240	123	1	259	978	6	244	6.71e-64	207
lcl|NC_014637.1_gene_2	YP_003970163.1	51.101	227	110	1	232	912	19	244	1.15e-63	207
lcl|NC_014637.1_gene_2	YP_003970163.1	48.729	236	121	0	391	1098	6	241	7.24e-63	204
lcl|NC_014637.1_gene_2	YP_003970163.1	49.576	236	119	0	589	1296	6	241	1.30e-62	204
lcl|NC_014637.1_gene_2	YP_003970163.1	47.699	239	125	0	457	1173	6	244	1.52e-61	201
lcl|NC_014637.1_gene_2	YP_003970163.1	45.136	257	120	2	64	834	6	241	2.10e-59	196
lcl|NC_014637.1_gene_2	YP_003970163.1	49.296	213	108	0	1117	1755	6	218	1.62e-56	188
lcl|NC_014637.1_gene_2	YP_003970163.1	22.989	87	65	2	1666	1409	106	191	0.23	30.8
lcl|NC_014637.1_gene_2	YP_003970163.1	23.077	78	59	1	1666	1433	128	204	0.39	30.4
lcl|NC_014637.1_gene_2	YP_003970163.1	22.594	239	144	11	1666	959	40	240	1.1	28.9
lcl|NC_014637.1_gene_2	YP_007354621.1	44.056	286	148	12	316	1173	79	352	4.68e-67	219
lcl|NC_014637.1_gene_2	YP_007354621.1	43.771	297	155	12	415	1305	68	352	8.80e-67	219
lcl|NC_014637.1_gene_2	YP_007354621.1	43.007	286	151	12	250	1107	79	352	1.27e-63	210
lcl|NC_014637.1_gene_2	YP_007354621.1	43.636	275	143	12	910	1734	79	341	1.44e-60	202
lcl|NC_014637.1_gene_2	YP_007354621.1	43.678	261	134	12	976	1758	79	326	1.18e-55	189
lcl|NC_014637.1_gene_2	YP_007354621.1	36.250	240	124	11	55	711	121	352	3.42e-33	127
lcl|NC_014637.1_gene_2	YP_007354621.1	41.341	179	93	8	1210	1746	74	240	3.92e-31	121
lcl|NC_014637.1_gene_2	YP_007354770.1	49.138	232	108	10	244	939	71	292	4.06e-62	204
lcl|NC_014637.1_gene_2	YP_007354770.1	50.435	230	104	10	712	1401	73	292	3.03e-61	202
lcl|NC_014637.1_gene_2	YP_007354770.1	50.222	225	102	10	1042	1716	73	287	5.50e-60	199
lcl|NC_014637.1_gene_2	YP_007354770.1	48.707	232	109	10	910	1605	73	294	6.35e-57	191
lcl|NC_014637.1_gene_2	YP_007354770.1	50.296	169	77	7	1240	1746	73	234	4.54e-44	156
lcl|NC_014637.1_gene_2	YP_007354713.1	36.816	402	194	19	13	1188	1	352	2.12e-58	196
lcl|NC_014637.1_gene_2	YP_007354713.1	42.143	280	131	12	958	1731	66	336	1.10e-57	194
lcl|NC_014637.1_gene_2	YP_007354713.1	38.739	222	108	9	1156	1755	66	281	3.67e-38	141
lcl|NC_014637.1_gene_2	YP_007354639.1	45.136	257	130	11	562	1332	67	312	2.34e-57	193
lcl|NC_014637.1_gene_2	YP_007354639.1	42.182	275	144	12	826	1638	67	330	2.69e-54	185
lcl|NC_014637.1_gene_2	YP_007354639.1	43.307	254	130	12	112	870	72	312	2.32e-52	180
lcl|NC_014637.1_gene_2	YP_007354639.1	42.366	262	140	11	946	1731	63	313	5.07e-52	179
lcl|NC_014637.1_gene_2	YP_007354639.1	39.631	217	104	8	1156	1746	67	276	7.35e-38	140
lcl|NC_014637.1_gene_2	YP_007354639.1	35.359	181	68	6	64	606	181	312	3.50e-22	95.1
lcl|NC_014637.1_gene_2	YP_003970140.1	39.730	370	178	9	547	1644	25	353	2.71e-56	193
lcl|NC_014637.1_gene_2	YP_003970140.1	37.318	343	173	7	76	1029	23	348	4.48e-48	171
lcl|NC_014637.1_gene_2	YP_003970140.1	42.279	272	129	6	178	921	87	354	1.42e-47	169
lcl|NC_014637.1_gene_2	YP_003970140.1	25.949	158	113	4	1654	1187	196	351	1.16e-04	42.0
lcl|NC_014637.1_gene_2	YP_003970140.1	27.103	107	76	2	1666	1349	214	319	2.89e-04	40.4
lcl|NC_014637.1_gene_2	YP_003970140.1	24.161	149	101	4	1396	983	193	340	0.015	35.0
lcl|NC_014637.1_gene_2	YP_003970140.1	24.348	115	87	0	769	425	205	319	0.11	32.3
lcl|NC_014637.1_gene_2	YP_003970140.1	22.069	145	113	0	703	269	205	349	2.8	27.7
lcl|NC_014637.1_gene_2	YP_007354015.1	34.135	416	246	19	307	1539	69	461	3.23e-55	191
lcl|NC_014637.1_gene_2	YP_007354015.1	33.418	395	201	17	679	1734	64	439	1.94e-53	186
lcl|NC_014637.1_gene_2	YP_007354015.1	34.074	405	211	17	250	1341	72	461	6.79e-52	182
lcl|NC_014637.1_gene_2	YP_007354015.1	32.933	416	216	18	613	1731	64	459	7.00e-52	182
lcl|NC_014637.1_gene_2	YP_007354015.1	32.215	447	252	23	10	1275	41	461	2.29e-40	150
lcl|NC_014637.1_gene_2	YP_003970174.1	50.218	229	107	4	1051	1731	17	240	6.27e-53	178
lcl|NC_014637.1_gene_2	YP_003970174.1	44.156	231	124	3	235	924	9	235	7.29e-49	167
lcl|NC_014637.1_gene_2	YP_003970174.1	47.845	232	112	4	964	1650	10	235	4.65e-48	165
lcl|NC_014637.1_gene_2	YP_003970174.1	45.536	224	115	4	457	1122	17	235	2.45e-47	163
lcl|NC_014637.1_gene_2	YP_003970174.1	48.500	200	99	2	787	1386	17	212	4.14e-45	157
lcl|NC_014637.1_gene_2	YP_003970174.1	46.939	196	100	2	667	1254	21	212	1.25e-44	156
lcl|NC_014637.1_gene_2	YP_003970174.1	50.888	169	83	0	1249	1755	17	185	3.65e-41	146
lcl|NC_014637.1_gene_2	YP_003970174.1	39.231	260	130	6	19	792	2	235	2.38e-39	141
lcl|NC_014637.1_gene_2	YP_007354637.1	43.673	245	118	12	370	1074	71	305	5.80e-51	175
lcl|NC_014637.1_gene_2	YP_007354637.1	40.486	247	120	10	244	942	72	305	3.29e-49	170
lcl|NC_014637.1_gene_2	YP_007354637.1	41.152	243	98	10	580	1206	74	305	1.14e-46	163
lcl|NC_014637.1_gene_2	YP_007354637.1	42.152	223	103	9	1108	1734	74	284	1.78e-44	157
lcl|NC_014637.1_gene_2	YP_007354637.1	40.686	204	82	8	1240	1758	74	269	7.05e-37	136
lcl|NC_014637.1_gene_2	YP_007354637.1	31.980	197	88	9	64	546	119	305	1.58e-17	80.9
lcl|NC_014637.1_gene_2	YP_003970172.1	45.247	263	136	4	964	1740	10	268	6.44e-51	174
lcl|NC_014637.1_gene_2	YP_003970172.1	45.868	242	122	4	1063	1767	21	260	7.07e-51	174
lcl|NC_014637.1_gene_2	YP_003970172.1	44.245	278	142	6	838	1650	12	283	3.28e-50	172
lcl|NC_014637.1_gene_2	YP_003970172.1	40.878	296	148	6	310	1188	12	283	1.33e-47	166
lcl|NC_014637.1_gene_2	YP_003970172.1	37.417	302	156	6	235	1122	9	283	1.58e-42	152
lcl|NC_014637.1_gene_2	YP_003970172.1	40.486	247	140	4	169	897	10	253	3.18e-39	142
lcl|NC_014637.1_gene_2	YP_003970172.1	36.039	308	163	8	22	924	3	283	1.19e-36	135
lcl|NC_014637.1_gene_2	YP_007354715.1	34.203	345	184	13	244	1257	72	380	6.47e-51	178
lcl|NC_014637.1_gene_2	YP_007354715.1	36.789	299	168	13	844	1719	74	358	1.28e-48	172
lcl|NC_014637.1_gene_2	YP_007354715.1	34.098	305	153	14	46	861	91	380	1.10e-38	144
lcl|NC_014637.1_gene_2	YP_007354715.1	35.424	271	156	11	976	1767	74	332	8.63e-38	142
lcl|NC_014637.1_gene_2	YP_007354783.1	41.392	273	136	9	922	1695	53	316	8.96e-50	174
lcl|NC_014637.1_gene_2	YP_007354783.1	36.657	341	181	12	724	1686	53	378	1.33e-47	168
lcl|NC_014637.1_gene_2	YP_007354783.1	38.376	271	143	9	988	1755	53	314	4.55e-43	156
lcl|NC_014637.1_gene_2	YP_007354783.1	34.097	349	194	13	67	1050	53	386	8.15e-40	147
lcl|NC_014637.1_gene_2	YP_007354783.1	41.317	167	92	5	1267	1767	58	218	3.56e-29	117
lcl|NC_014637.1_gene_2	YP_007354704.1	34.341	364	200	17	481	1506	47	393	3.74e-49	173
lcl|NC_014637.1_gene_2	YP_007354704.1	34.535	333	200	14	382	1374	77	393	5.38e-48	170
lcl|NC_014637.1_gene_2	YP_007354704.1	33.934	333	202	14	712	1704	77	393	2.58e-44	160
lcl|NC_014637.1_gene_2	YP_007354704.1	32.698	315	192	14	175	1110	96	393	2.77e-38	143
lcl|NC_014637.1_gene_2	YP_007354704.1	37.302	252	145	12	976	1725	77	317	1.97e-36	138
lcl|NC_014637.1_gene_2	YP_007354704.1	34.524	252	142	12	46	780	158	393	1.16e-29	119
lcl|NC_014637.1_gene_2	YP_007354758.1	33.770	305	179	13	382	1269	86	376	2.20e-47	167
lcl|NC_014637.1_gene_2	YP_007354758.1	33.003	303	180	13	844	1725	86	374	5.74e-45	161
lcl|NC_014637.1_gene_2	YP_007354758.1	32.660	297	178	12	892	1755	80	363	8.01e-45	160
lcl|NC_014637.1_gene_2	YP_007354758.1	34.066	273	159	11	976	1767	86	346	5.35e-43	155
lcl|NC_014637.1_gene_2	YP_007354758.1	29.801	302	174	16	52	873	85	376	4.14e-26	107
lcl|NC_014637.1_gene_2	YP_003969633.1	52.027	148	52	3	13	429	1	138	4.32e-37	132
lcl|NC_014637.1_gene_2	YP_003969633.1	83.607	61	10	0	973	1155	78	138	3.20e-27	104
lcl|NC_014637.1_gene_2	YP_003969633.1	80.328	61	12	0	1369	1551	78	138	4.60e-26	101
lcl|NC_014637.1_gene_2	YP_003969633.1	75.410	61	15	0	907	1089	78	138	2.15e-25	99.4
lcl|NC_014637.1_gene_2	YP_003969633.1	77.049	61	14	0	775	957	78	138	5.98e-25	97.8
lcl|NC_014637.1_gene_2	YP_003969633.1	78.689	61	13	0	709	891	78	138	6.10e-25	97.8
lcl|NC_014637.1_gene_2	YP_003969633.1	78.689	61	13	0	1435	1617	78	138	7.48e-25	97.8
lcl|NC_014637.1_gene_2	YP_003969633.1	78.689	61	13	0	1237	1419	78	138	1.55e-24	96.7
lcl|NC_014637.1_gene_2	YP_003969633.1	75.410	61	15	0	445	627	78	138	1.57e-24	96.7
lcl|NC_014637.1_gene_2	YP_003969633.1	82.143	56	10	0	841	1008	78	133	1.66e-24	96.7
lcl|NC_014637.1_gene_2	YP_003969633.1	82.143	56	10	0	1501	1668	78	133	2.10e-24	96.3
lcl|NC_014637.1_gene_2	YP_003969633.1	77.049	61	14	0	1171	1353	78	138	2.36e-24	96.3
lcl|NC_014637.1_gene_2	YP_003969633.1	80.328	61	12	0	1303	1485	78	138	3.76e-24	95.9
lcl|NC_014637.1_gene_2	YP_003969633.1	75.410	61	15	0	577	759	78	138	5.29e-24	95.1
lcl|NC_014637.1_gene_2	YP_003969633.1	73.770	61	16	0	511	693	78	138	1.54e-23	94.0
lcl|NC_014637.1_gene_2	YP_003969633.1	80.357	56	11	0	1039	1206	78	133	2.61e-23	93.2
lcl|NC_014637.1_gene_2	YP_003969633.1	71.667	60	17	0	1567	1746	78	137	6.88e-23	92.0
lcl|NC_014637.1_gene_2	YP_003969633.1	75.410	61	15	0	643	825	78	138	1.12e-22	91.7
lcl|NC_014637.1_gene_2	YP_003969633.1	70.492	61	18	0	1105	1287	78	138	1.68e-22	90.9
lcl|NC_014637.1_gene_2	YP_003969633.1	60.870	46	18	0	1633	1770	78	123	8.55e-11	57.4
lcl|NC_014637.1_gene_2	YP_007354852.1	47.682	151	73	6	712	1164	73	217	1.01e-36	133
lcl|NC_014637.1_gene_2	YP_007354852.1	41.489	188	103	7	1129	1692	37	217	1.40e-35	130
lcl|NC_014637.1_gene_2	YP_007354852.1	44.295	149	77	6	517	963	74	216	1.10e-32	122
lcl|NC_014637.1_gene_2	YP_007354852.1	39.706	204	101	10	46	633	27	216	1.29e-32	122
lcl|NC_014637.1_gene_2	YP_007354852.1	40.476	126	67	7	67	438	98	217	3.14e-15	72.4
lcl|NC_014637.1_gene_2	YP_003969661.1	45.333	150	81	1	61	507	31	180	3.57e-33	122
lcl|NC_014637.1_gene_2	YP_003969661.1	40.698	172	95	5	799	1299	11	180	3.23e-30	114
lcl|NC_014637.1_gene_2	YP_003969661.1	39.884	173	95	4	667	1167	11	180	1.12e-28	110
lcl|NC_014637.1_gene_2	YP_003969661.1	40.411	146	85	2	1261	1695	36	180	3.36e-27	105
lcl|NC_014637.1_gene_2	YP_003969661.1	38.728	173	97	6	733	1233	11	180	3.89e-27	105
lcl|NC_014637.1_gene_2	YP_003969661.1	37.870	169	98	5	1255	1746	9	175	2.83e-26	103
lcl|NC_014637.1_gene_2	YP_003969661.1	38.953	172	98	5	337	837	11	180	8.24e-26	102
lcl|NC_014637.1_gene_2	YP_003969661.1	40.816	147	83	3	469	903	36	180	1.35e-25	101
lcl|NC_014637.1_gene_2	YP_003969661.1	41.096	146	84	2	997	1431	36	180	1.79e-25	100
lcl|NC_014637.1_gene_2	YP_003969661.1	34.194	155	95	5	1321	1770	9	161	2.33e-17	77.8
lcl|NC_014637.1_gene_2	YP_003969756.1	33.607	244	145	4	1012	1704	27	266	1.46e-32	123
lcl|NC_014637.1_gene_2	YP_003969756.1	36.232	207	127	4	319	936	38	240	6.58e-31	119
lcl|NC_014637.1_gene_2	YP_003969756.1	33.333	243	147	4	847	1572	38	266	8.99e-31	118
lcl|NC_014637.1_gene_2	YP_003969756.1	33.333	243	147	4	781	1506	38	266	3.25e-28	111
lcl|NC_014637.1_gene_2	YP_003969756.1	34.123	211	115	3	1207	1767	26	236	2.01e-27	108
lcl|NC_014637.1_gene_2	YP_003969756.1	31.092	238	138	6	91	801	27	239	3.49e-25	102
lcl|NC_014637.1_gene_2	YP_003969756.1	31.443	194	117	5	70	645	86	265	9.74e-13	65.9
lcl|NC_014637.1_gene_2	YP_007354679.1	38.571	210	102	8	649	1266	72	258	6.61e-28	111
lcl|NC_014637.1_gene_2	YP_007354679.1	37.056	197	107	9	1174	1734	71	260	7.21e-28	111
lcl|NC_014637.1_gene_2	YP_007354679.1	41.026	195	98	10	910	1464	71	258	8.73e-28	111
lcl|NC_014637.1_gene_2	YP_007354679.1	37.436	195	105	8	976	1530	71	258	1.30e-26	107
lcl|NC_014637.1_gene_2	YP_007354679.1	34.906	212	111	10	247	870	70	258	3.54e-24	100
lcl|NC_014637.1_gene_2	YP_007354679.1	37.430	179	97	8	226	738	87	258	3.49e-23	97.8
lcl|NC_014637.1_gene_2	YP_007354679.1	32.110	218	106	10	55	672	71	258	3.57e-19	85.9
lcl|NC_014637.1_gene_2	YP_007354080.1	39.394	132	75	5	1240	1635	43	169	2.23e-23	94.7
lcl|NC_014637.1_gene_2	YP_007354080.1	40.152	132	74	5	976	1371	43	169	5.03e-23	94.0
lcl|NC_014637.1_gene_2	YP_007354080.1	38.971	136	77	6	517	924	44	173	1.82e-22	92.0
lcl|NC_014637.1_gene_2	YP_007354080.1	37.879	132	77	5	580	975	43	169	1.11e-19	84.3
lcl|NC_014637.1_gene_2	YP_007354080.1	31.847	157	95	7	127	579	19	169	4.87e-19	82.4
lcl|NC_014637.1_gene_2	YP_007354080.1	40.870	115	63	5	1372	1716	43	152	1.31e-18	81.3
lcl|NC_014637.1_gene_2	YP_007354773.1	39.850	133	74	6	931	1329	15	141	6.70e-22	89.4
lcl|NC_014637.1_gene_2	YP_007354773.1	40.157	127	70	6	1279	1659	21	141	2.43e-21	87.8
lcl|NC_014637.1_gene_2	YP_007354773.1	39.098	133	75	6	865	1263	15	141	1.67e-20	85.5
lcl|NC_014637.1_gene_2	YP_007354773.1	38.462	130	74	6	1345	1734	21	144	1.14e-19	83.2
lcl|NC_014637.1_gene_2	YP_007354773.1	34.586	133	81	6	271	669	15	141	7.36e-18	77.8
lcl|NC_014637.1_gene_2	YP_007354773.1	40.625	96	53	4	250	537	50	141	1.99e-16	73.9
lcl|NC_014637.1_gene_2	YP_007354773.1	35.000	140	63	6	55	471	29	141	2.96e-16	73.2
lcl|NC_014637.1_gene_2	YP_007354773.1	38.261	115	66	5	523	867	32	141	3.87e-16	73.2
lcl|NC_014637.1_gene_2	YP_003970041.1	41.538	130	71	1	448	822	1	130	5.25e-21	86.7
lcl|NC_014637.1_gene_2	YP_003970041.1	41.538	130	71	1	1240	1614	1	130	5.51e-21	86.3
lcl|NC_014637.1_gene_2	YP_003970041.1	41.538	130	71	1	910	1284	1	130	5.39e-20	83.6
lcl|NC_014637.1_gene_2	YP_003970041.1	41.538	130	71	1	1108	1482	1	130	6.18e-20	83.6
lcl|NC_014637.1_gene_2	YP_003970041.1	40.769	130	72	1	1306	1680	1	130	7.95e-20	83.2
lcl|NC_014637.1_gene_2	YP_003970041.1	36.923	130	77	1	250	624	1	130	9.84e-20	82.8
lcl|NC_014637.1_gene_2	YP_003970041.1	38.462	130	75	1	1372	1746	1	130	1.20e-18	79.7
lcl|NC_014637.1_gene_2	YP_003970041.1	35.385	130	79	1	316	690	1	130	1.79e-18	79.3
lcl|NC_014637.1_gene_2	YP_003970041.1	37.692	130	76	1	580	954	1	130	3.47e-17	75.5
lcl|NC_014637.1_gene_2	YP_003970041.1	37.692	130	76	1	844	1218	1	130	1.25e-16	73.9
lcl|NC_014637.1_gene_2	YP_003970041.1	36.154	130	78	1	712	1086	1	130	1.96e-15	70.5
lcl|NC_014637.1_gene_2	YP_003970041.1	35.135	111	67	1	1438	1755	1	111	1.32e-12	62.4
lcl|NC_014637.1_gene_2	YP_003970041.1	43.077	65	37	0	232	426	66	130	3.12e-07	47.0
lcl|NC_014637.1_gene_2	YP_007354622.1	40.164	122	68	5	976	1341	78	194	9.61e-19	82.4
lcl|NC_014637.1_gene_2	YP_007354622.1	40.777	103	57	4	241	549	96	194	9.24e-18	79.3
lcl|NC_014637.1_gene_2	YP_007354622.1	40.164	122	68	5	910	1275	78	194	2.14e-17	78.6
lcl|NC_014637.1_gene_2	YP_007354622.1	38.525	122	70	5	517	882	79	195	6.41e-17	77.0
lcl|NC_014637.1_gene_2	YP_007354622.1	37.705	122	71	5	1042	1407	78	194	8.38e-17	76.6
lcl|NC_014637.1_gene_2	YP_007354622.1	38.017	121	70	5	712	1074	78	193	8.95e-17	76.6
lcl|NC_014637.1_gene_2	YP_007354622.1	36.066	122	73	5	1174	1539	78	194	2.03e-14	69.7
lcl|NC_014637.1_gene_2	YP_007354622.1	35.878	131	74	6	1210	1602	73	193	4.87e-14	68.6
lcl|NC_014637.1_gene_2	YP_007354622.1	40.625	64	36	2	1504	1695	78	139	2.53e-07	48.9
lcl|NC_014637.1_gene_2	YP_007354622.1	30.508	59	39	2	1570	1746	78	134	0.040	33.1
lcl|NC_014637.1_gene_2	YP_007354622.1	29.167	96	42	4	64	348	123	193	0.23	30.8
lcl|NC_014637.1_gene_2	YP_003970175.1	29.918	244	129	8	988	1611	38	275	1.40e-18	84.3
lcl|NC_014637.1_gene_2	YP_003970175.1	27.068	266	141	10	328	999	38	292	2.36e-16	77.8
lcl|NC_014637.1_gene_2	YP_003970175.1	28.102	274	153	9	637	1413	31	275	4.24e-16	77.0
lcl|NC_014637.1_gene_2	YP_003970175.1	28.448	232	114	7	1186	1755	38	259	2.39e-14	71.6
lcl|NC_014637.1_gene_2	YP_003970175.1	27.675	271	137	11	1054	1731	38	294	7.27e-14	70.1
lcl|NC_014637.1_gene_2	YP_003970175.1	26.316	266	131	11	67	753	38	275	1.76e-10	59.7
lcl|NC_014637.1_gene_2	YP_003970162.1	56.250	80	33	1	1393	1626	26	105	2.69e-17	75.1
lcl|NC_014637.1_gene_2	YP_003970162.1	50.549	91	43	1	964	1230	15	105	2.77e-16	72.4
lcl|NC_014637.1_gene_2	YP_003970162.1	53.750	80	35	1	1261	1494	26	105	7.12e-16	71.2
lcl|NC_014637.1_gene_2	YP_003970162.1	53.750	80	35	1	1459	1692	26	105	2.42e-15	69.7
lcl|NC_014637.1_gene_2	YP_003970162.1	53.750	80	35	1	1327	1560	26	105	3.68e-15	68.9
lcl|NC_014637.1_gene_2	YP_003970162.1	48.315	89	44	1	904	1164	17	105	3.55e-14	66.2
lcl|NC_014637.1_gene_2	YP_003970162.1	51.250	80	37	1	1129	1362	26	105	4.89e-14	65.9
lcl|NC_014637.1_gene_2	YP_003970162.1	51.250	80	37	1	1063	1296	26	105	7.72e-14	65.5
lcl|NC_014637.1_gene_2	YP_003970162.1	51.250	80	37	1	1195	1428	26	105	9.20e-14	65.1
lcl|NC_014637.1_gene_2	YP_003970162.1	48.193	83	41	1	655	897	22	104	9.84e-14	65.1
lcl|NC_014637.1_gene_2	YP_003970162.1	48.750	80	39	1	337	570	26	105	1.02e-13	65.1
lcl|NC_014637.1_gene_2	YP_003970162.1	46.067	89	46	1	838	1098	17	105	1.17e-13	64.7
lcl|NC_014637.1_gene_2	YP_003970162.1	51.250	80	37	1	601	834	26	105	1.78e-13	64.3
lcl|NC_014637.1_gene_2	YP_003970162.1	44.444	81	45	0	370	612	15	95	1.41e-12	61.6
lcl|NC_014637.1_gene_2	YP_003970162.1	43.902	82	46	0	235	480	14	95	1.99e-12	61.2
lcl|NC_014637.1_gene_2	YP_003970162.1	46.250	80	41	1	469	702	26	105	2.15e-12	61.2
lcl|NC_014637.1_gene_2	YP_003970162.1	54.688	64	29	0	1525	1716	26	89	2.76e-12	60.8
lcl|NC_014637.1_gene_2	YP_003970162.1	45.238	84	44	1	523	768	22	105	2.79e-12	60.8
lcl|NC_014637.1_gene_2	YP_003970162.1	46.835	79	40	1	799	1029	26	104	4.50e-12	60.1
lcl|NC_014637.1_gene_2	YP_003970162.1	37.815	119	51	4	22	372	8	105	2.38e-09	52.4
lcl|NC_014637.1_gene_2	YP_003970162.1	47.143	70	37	0	733	942	26	95	3.22e-09	52.0
lcl|NC_014637.1_gene_2	YP_003969755.1	39.286	112	43	2	238	501	15	125	4.08e-15	69.7
lcl|NC_014637.1_gene_2	YP_003969755.1	39.316	117	66	3	289	633	12	125	2.11e-14	67.8
lcl|NC_014637.1_gene_2	YP_003969755.1	40.833	120	66	3	1273	1626	10	126	2.74e-14	67.4
lcl|NC_014637.1_gene_2	YP_003969755.1	44.037	109	58	2	844	1164	19	126	2.97e-14	67.4
lcl|NC_014637.1_gene_2	YP_003969755.1	40.678	118	43	3	949	1230	12	126	9.03e-14	65.9
lcl|NC_014637.1_gene_2	YP_003969755.1	36.667	120	49	3	1405	1692	10	126	1.15e-13	65.5
lcl|NC_014637.1_gene_2	YP_003969755.1	38.655	119	70	2	481	834	10	126	9.48e-13	62.8
lcl|NC_014637.1_gene_2	YP_003969755.1	36.441	118	70	3	421	768	12	126	4.04e-12	61.2
lcl|NC_014637.1_gene_2	YP_003969755.1	33.613	119	52	3	679	963	10	125	9.29e-12	60.1
lcl|NC_014637.1_gene_2	YP_003969755.1	43.548	62	35	0	253	438	65	126	5.09e-11	58.2
lcl|NC_014637.1_gene_2	YP_003969755.1	29.293	99	27	2	67	363	68	123	0.001	36.6
lcl|NC_014637.1_gene_2	YP_003969755.1	35.165	91	56	2	1477	1746	12	100	0.008	34.3
lcl|NC_014637.1_gene_2	YP_003970164.1	52.941	68	32	0	1432	1635	12	79	5.11e-14	64.7
lcl|NC_014637.1_gene_2	YP_003970164.1	53.968	63	29	0	1183	1371	17	79	6.10e-13	61.6
lcl|NC_014637.1_gene_2	YP_003970164.1	50.000	68	34	0	1300	1503	12	79	1.28e-12	60.8
lcl|NC_014637.1_gene_2	YP_003970164.1	50.794	63	31	0	1249	1437	17	79	5.59e-12	58.9
lcl|NC_014637.1_gene_2	YP_003970164.1	52.381	63	30	0	1513	1701	17	79	5.65e-12	58.9
lcl|NC_014637.1_gene_2	YP_003970164.1	49.231	65	33	0	1366	1560	12	76	8.93e-12	58.5
lcl|NC_014637.1_gene_2	YP_003970164.1	46.479	71	38	0	235	447	9	79	1.19e-11	58.2
lcl|NC_014637.1_gene_2	YP_003970164.1	50.000	68	34	0	1036	1239	12	79	1.48e-11	57.8
lcl|NC_014637.1_gene_2	YP_003970164.1	47.761	67	35	0	964	1164	10	76	1.57e-11	57.8
lcl|NC_014637.1_gene_2	YP_003970164.1	41.975	81	45	1	1063	1305	1	79	4.35e-11	56.6
lcl|NC_014637.1_gene_2	YP_003970164.1	47.458	59	31	0	325	501	17	75	8.61e-11	55.8
lcl|NC_014637.1_gene_2	YP_003970164.1	51.667	60	27	1	1579	1758	17	74	8.87e-11	55.5
lcl|NC_014637.1_gene_2	YP_003970164.1	52.542	59	28	0	667	843	21	79	1.29e-10	55.1
lcl|NC_014637.1_gene_2	YP_003970164.1	46.032	63	34	0	589	777	17	79	1.66e-10	54.7
lcl|NC_014637.1_gene_2	YP_003970164.1	44.286	70	39	0	370	579	10	79	2.20e-10	54.7
lcl|NC_014637.1_gene_2	YP_003970164.1	49.153	59	30	0	535	711	21	79	3.22e-10	53.9
lcl|NC_014637.1_gene_2	YP_003970164.1	38.961	77	45	1	403	633	1	75	4.00e-10	53.9
lcl|NC_014637.1_gene_2	YP_003970164.1	50.000	64	32	0	706	897	12	75	4.58e-10	53.5
lcl|NC_014637.1_gene_2	YP_003970164.1	47.458	59	31	0	787	963	17	75	1.30e-09	52.4
lcl|NC_014637.1_gene_2	YP_003970164.1	49.091	55	28	0	865	1029	21	75	2.19e-09	51.6
lcl|NC_014637.1_gene_2	YP_003970164.1	47.458	59	31	0	931	1107	21	79	4.26e-09	50.8
lcl|NC_014637.1_gene_2	YP_003970164.1	30.769	117	38	1	19	369	2	75	2.47e-07	45.8
lcl|NC_014637.1_gene_2	YP_007354128.1	30.392	204	112	9	718	1266	77	271	1.39e-13	68.6
lcl|NC_014637.1_gene_2	YP_007354128.1	27.232	224	131	10	241	870	66	271	3.96e-12	64.3
lcl|NC_014637.1_gene_2	YP_007354128.1	31.343	134	69	5	1378	1719	77	207	5.61e-12	63.9
lcl|NC_014637.1_gene_2	YP_007354128.1	30.049	203	114	9	916	1464	77	271	1.53e-11	62.4
lcl|NC_014637.1_gene_2	YP_007354128.1	31.250	80	45	3	1510	1725	77	154	5.75e-06	45.4
lcl|NC_014637.1_gene_2	YP_007354128.1	23.770	122	64	5	46	408	178	271	4.4	26.9
lcl|NC_014637.1_gene_2	YP_007354837.1	38.000	100	56	5	1438	1734	103	197	5.51e-13	66.6
lcl|NC_014637.1_gene_2	YP_007354837.1	35.922	103	58	5	1372	1674	103	199	1.34e-11	62.4
lcl|NC_014637.1_gene_2	YP_007354837.1	35.433	127	70	7	181	540	74	195	6.75e-11	60.5
lcl|NC_014637.1_gene_2	YP_007354837.1	35.052	97	59	4	778	1068	103	195	1.97e-10	58.9
lcl|NC_014637.1_gene_2	YP_007354837.1	30.000	150	85	9	988	1398	53	195	1.87e-09	55.8
lcl|NC_014637.1_gene_2	YP_007354837.1	35.644	101	59	5	580	879	103	198	1.55e-08	53.1
lcl|NC_014637.1_gene_2	YP_007354837.1	35.714	98	57	5	382	672	103	195	2.91e-08	52.4
lcl|NC_014637.1_gene_2	YP_007354837.1	35.052	97	55	5	649	933	104	194	6.42e-08	51.2
lcl|NC_014637.1_gene_2	YP_007354837.1	33.673	98	59	5	976	1266	103	195	2.93e-07	49.3
lcl|NC_014637.1_gene_2	YP_007354819.1	28.788	264	142	15	697	1371	6	262	4.70e-12	64.3
lcl|NC_014637.1_gene_2	YP_007354819.1	27.969	261	144	14	1027	1734	6	247	5.68e-11	60.8
lcl|NC_014637.1_gene_2	YP_007354819.1	26.071	280	157	15	433	1182	6	265	1.18e-09	57.0
lcl|NC_014637.1_gene_2	YP_007354819.1	27.636	275	143	17	301	1065	6	244	5.64e-09	54.7
lcl|NC_014637.1_gene_2	YP_007354819.1	26.217	267	151	14	895	1578	6	265	2.08e-08	53.1
lcl|NC_014637.1_gene_2	YP_007354819.1	37.037	54	32	2	244	405	193	244	5.05e-04	39.3
lcl|NC_014637.1_gene_2	YP_007354819.1	30.137	73	45	4	307	513	192	262	0.025	34.3
lcl|NC_014637.1_gene_2	YP_007354819.1	47.059	34	14	2	175	273	214	244	5.8	26.6
lcl|NC_014637.1_gene_2	YP_007354818.1	37.662	77	45	3	778	1008	70	143	1.41e-11	60.1
lcl|NC_014637.1_gene_2	YP_007354818.1	38.462	78	45	3	910	1143	70	144	2.61e-11	59.3
lcl|NC_014637.1_gene_2	YP_007354818.1	35.443	79	48	3	247	483	69	144	3.77e-11	58.9
lcl|NC_014637.1_gene_2	YP_007354818.1	34.615	78	48	3	316	549	70	144	6.87e-10	55.1
lcl|NC_014637.1_gene_2	YP_007354818.1	34.615	78	48	3	382	615	70	144	3.66e-09	53.1
lcl|NC_014637.1_gene_2	YP_007354818.1	34.615	78	48	3	1174	1407	70	144	3.98e-09	53.1
lcl|NC_014637.1_gene_2	YP_007354818.1	36.364	77	46	3	1240	1470	70	143	1.90e-08	50.8
lcl|NC_014637.1_gene_2	YP_007354818.1	33.333	72	45	3	1504	1719	70	138	2.90e-08	50.4
lcl|NC_014637.1_gene_2	YP_007354818.1	36.364	77	46	3	517	747	71	144	2.99e-08	50.4
lcl|NC_014637.1_gene_2	YP_007354818.1	34.615	78	48	3	649	882	71	145	3.69e-08	50.1
lcl|NC_014637.1_gene_2	YP_007354818.1	33.766	77	48	3	1372	1602	70	143	5.78e-08	49.7
lcl|NC_014637.1_gene_2	YP_003970146.1	45.161	62	29	2	1591	1767	1	60	7.35e-08	47.8
lcl|NC_014637.1_gene_2	YP_003970146.1	36.000	75	44	2	1525	1749	1	71	3.09e-07	45.8
lcl|NC_014637.1_gene_2	YP_003970146.1	37.662	77	46	1	337	567	1	75	3.18e-07	45.8
lcl|NC_014637.1_gene_2	YP_003970146.1	37.975	79	43	3	1393	1623	1	75	3.72e-07	45.8
lcl|NC_014637.1_gene_2	YP_003970146.1	35.443	79	45	3	271	501	1	75	2.05e-06	43.5
lcl|NC_014637.1_gene_2	YP_003970146.1	36.364	77	47	1	469	699	1	75	2.28e-06	43.5
lcl|NC_014637.1_gene_2	YP_003970146.1	35.443	79	45	3	1327	1557	1	75	6.62e-06	42.4
lcl|NC_014637.1_gene_2	YP_003970146.1	35.443	79	45	3	931	1161	1	75	6.89e-06	42.4
lcl|NC_014637.1_gene_2	YP_003970146.1	35.443	79	45	3	865	1095	1	75	9.14e-06	42.0
lcl|NC_014637.1_gene_2	YP_003970146.1	35.443	79	45	3	1129	1359	1	75	1.41e-05	41.2
lcl|NC_014637.1_gene_2	YP_003970146.1	37.313	67	38	2	1459	1659	1	63	1.83e-05	40.8
lcl|NC_014637.1_gene_2	YP_003970146.1	41.270	63	31	3	253	435	17	75	2.38e-05	40.8
lcl|NC_014637.1_gene_2	YP_003970146.1	33.333	72	44	2	733	948	1	68	4.24e-05	40.0
lcl|NC_014637.1_gene_2	YP_003970146.1	35.443	79	45	3	1261	1491	1	75	4.36e-05	40.0
lcl|NC_014637.1_gene_2	YP_003970146.1	34.177	79	46	3	535	765	1	75	5.15e-05	39.7
lcl|NC_014637.1_gene_2	YP_003970146.1	34.177	79	46	3	1195	1425	1	75	8.73e-05	38.9
lcl|NC_014637.1_gene_2	YP_003970146.1	32.911	79	46	4	76	303	1	75	0.002	35.0
lcl|NC_014637.1_gene_2	YP_003970146.1	35.821	67	39	2	799	999	1	63	0.003	34.7
lcl|NC_014637.1_gene_2	YP_003970146.1	31.884	69	42	2	52	249	15	81	0.005	34.3
lcl|NC_014637.1_gene_2	YP_003969698.1	31.034	87	49	2	1459	1692	1	85	5.28e-07	45.4
lcl|NC_014637.1_gene_2	YP_003969698.1	31.000	100	54	3	997	1296	1	85	1.77e-06	43.9
lcl|NC_014637.1_gene_2	YP_003969698.1	30.000	100	55	3	1261	1560	1	85	1.79e-06	43.9
lcl|NC_014637.1_gene_2	YP_003969698.1	31.000	100	54	3	799	1098	1	85	7.84e-06	42.0
lcl|NC_014637.1_gene_2	YP_003969698.1	29.000	100	56	3	1129	1428	1	85	3.56e-05	40.0
lcl|NC_014637.1_gene_2	YP_003969698.1	29.000	100	56	3	667	966	1	85	1.12e-04	38.5
lcl|NC_014637.1_gene_2	YP_003969698.1	32.051	78	40	2	403	636	1	65	1.15e-04	38.5
lcl|NC_014637.1_gene_2	YP_003969698.1	33.333	78	44	2	271	504	16	85	1.74e-04	38.1
lcl|NC_014637.1_gene_2	YP_003969698.1	27.000	100	58	3	1327	1626	1	85	0.002	35.4
lcl|NC_014637.1_gene_2	YP_003969698.1	24.793	121	55	3	76	438	1	85	0.002	35.4
lcl|NC_014637.1_gene_2	YP_003969698.1	29.167	72	43	2	586	801	27	90	0.004	34.3
lcl|NC_014637.1_gene_2	YP_003969698.1	31.250	64	35	1	1591	1755	1	64	0.023	32.0
lcl|NC_014637.1_gene_2	YP_003969664.1	57.143	49	18	2	1636	1782	102	147	6.36e-07	47.0
lcl|NC_014637.1_gene_2	YP_003969664.1	45.902	61	25	2	946	1110	86	144	9.88e-06	43.5
lcl|NC_014637.1_gene_2	YP_003969664.1	51.020	49	21	2	778	924	102	147	4.66e-05	41.2
lcl|NC_014637.1_gene_2	YP_003969664.1	46.000	50	21	1	355	486	87	136	1.34e-04	40.0
lcl|NC_014637.1_gene_2	YP_003969664.1	63.333	30	11	0	1042	1131	102	131	2.01e-04	39.7
lcl|NC_014637.1_gene_2	YP_003969664.1	60.000	30	12	0	1504	1593	102	131	2.38e-04	39.3
lcl|NC_014637.1_gene_2	YP_003969664.1	41.667	60	30	2	250	423	102	158	2.67e-04	39.3
lcl|NC_014637.1_gene_2	YP_003969664.1	46.000	50	21	1	487	618	87	136	3.04e-04	38.9
lcl|NC_014637.1_gene_2	YP_003969664.1	45.652	46	19	1	418	537	86	131	3.28e-04	38.9
lcl|NC_014637.1_gene_2	YP_003969664.1	55.882	34	15	0	580	681	102	135	3.28e-04	38.9
lcl|NC_014637.1_gene_2	YP_003969664.1	61.290	31	12	0	844	936	102	132	4.73e-04	38.5
lcl|NC_014637.1_gene_2	YP_003969664.1	54.286	35	16	0	712	816	102	136	7.71e-04	37.7
lcl|NC_014637.1_gene_2	YP_003969664.1	55.882	34	15	0	1240	1341	102	135	0.001	37.0
lcl|NC_014637.1_gene_2	YP_003969664.1	44.898	49	21	1	619	747	87	135	0.001	37.0
lcl|NC_014637.1_gene_2	YP_003969664.1	55.882	34	15	0	1306	1407	102	135	0.002	37.0
lcl|NC_014637.1_gene_2	YP_003969664.1	60.000	30	12	0	1372	1461	102	131	0.002	36.6
lcl|NC_014637.1_gene_2	YP_003969664.1	42.553	47	21	1	877	999	85	131	0.005	35.4
lcl|NC_014637.1_gene_2	YP_003969664.1	55.882	34	15	0	1438	1539	102	135	0.005	35.4
lcl|NC_014637.1_gene_2	YP_003969664.1	48.889	45	17	1	1543	1659	87	131	0.006	35.0
lcl|NC_014637.1_gene_2	YP_003969664.1	35.484	62	32	2	1078	1239	86	147	0.007	35.0
lcl|NC_014637.1_gene_2	YP_003969664.1	46.939	49	20	1	1147	1275	87	135	0.009	34.7
lcl|NC_014637.1_gene_2	YP_007354512.1	52.632	38	17	1	760	873	6	42	8.03e-07	43.9
lcl|NC_014637.1_gene_2	YP_007354512.1	58.824	34	13	1	244	345	10	42	1.87e-06	42.7
lcl|NC_014637.1_gene_2	YP_007354512.1	47.368	38	19	1	892	1005	6	42	2.04e-06	42.7
lcl|NC_014637.1_gene_2	YP_007354512.1	52.632	38	17	1	1618	1731	6	42	1.04e-05	40.8
lcl|NC_014637.1_gene_2	YP_007354512.1	52.632	38	17	1	958	1071	6	42	1.53e-05	40.4
lcl|NC_014637.1_gene_2	YP_007354512.1	52.632	38	17	1	1486	1599	6	42	1.56e-05	40.4
lcl|NC_014637.1_gene_2	YP_007354512.1	44.737	38	20	1	430	543	6	42	1.69e-05	40.0
lcl|NC_014637.1_gene_2	YP_007354512.1	44.737	38	20	1	562	675	6	42	1.69e-05	40.0
lcl|NC_014637.1_gene_2	YP_007354512.1	50.000	38	18	1	694	807	6	42	6.00e-05	38.5
lcl|NC_014637.1_gene_2	YP_007354512.1	47.368	38	19	1	1354	1467	6	42	8.22e-05	38.1
lcl|NC_014637.1_gene_2	YP_007354512.1	44.737	38	20	1	298	411	6	42	8.47e-05	38.1
lcl|NC_014637.1_gene_2	YP_007354512.1	47.368	38	19	1	1222	1335	6	42	9.07e-05	38.1
lcl|NC_014637.1_gene_2	YP_007354512.1	50.000	36	17	1	1024	1131	6	40	1.69e-04	37.4
lcl|NC_014637.1_gene_2	YP_007354512.1	47.222	36	18	1	826	933	6	40	3.97e-04	36.2
lcl|NC_014637.1_gene_2	YP_007354512.1	47.368	38	19	1	1156	1269	6	42	0.001	35.0
lcl|NC_014637.1_gene_2	YP_003969754.1	57.895	38	15	1	1429	1539	3	40	1.01e-05	40.4
lcl|NC_014637.1_gene_2	YP_003969754.1	57.895	38	15	1	637	747	3	40	6.29e-05	38.5
lcl|NC_014637.1_gene_2	YP_003969754.1	57.895	38	15	1	1165	1275	3	40	8.71e-05	37.7
lcl|NC_014637.1_gene_2	YP_003969754.1	57.895	38	15	1	1297	1407	3	40	9.15e-05	37.7
lcl|NC_014637.1_gene_2	YP_003969754.1	57.895	38	15	1	505	615	3	40	1.03e-04	37.7
lcl|NC_014637.1_gene_2	YP_003969754.1	60.606	33	13	0	385	483	8	40	1.47e-04	37.4
lcl|NC_014637.1_gene_2	YP_003969754.1	56.757	37	15	1	1561	1668	3	39	1.51e-04	37.4
lcl|NC_014637.1_gene_2	YP_003969754.1	55.263	38	16	1	1231	1341	3	40	2.79e-04	36.6
lcl|NC_014637.1_gene_2	YP_003969754.1	59.375	32	13	0	253	348	8	39	3.02e-04	36.6
lcl|NC_014637.1_gene_2	YP_003969754.1	56.757	37	15	1	967	1074	3	39	5.45e-04	35.8
lcl|NC_014637.1_gene_2	YP_003969754.1	52.500	40	18	1	1027	1143	1	40	5.50e-04	35.8
lcl|NC_014637.1_gene_2	YP_003969754.1	56.757	37	15	1	1363	1470	3	39	6.26e-04	35.4
lcl|NC_014637.1_gene_2	YP_003969754.1	53.846	39	17	1	769	882	3	41	7.47e-04	35.4
lcl|NC_014637.1_gene_2	YP_003969754.1	52.632	38	17	1	703	813	3	40	7.93e-04	35.0
lcl|NC_014637.1_gene_2	YP_003969754.1	54.054	37	16	1	1495	1602	3	39	0.002	34.3
lcl|NC_014637.1_gene_2	YP_003969754.1	48.649	37	18	1	307	414	3	39	0.006	32.7
lcl|NC_014637.1_gene_2	YP_003969754.1	47.368	38	19	1	571	681	3	40	0.007	32.7
lcl|NC_014637.1_gene_2	YP_003969754.1	51.351	37	17	1	1099	1206	3	39	0.015	31.6
lcl|NC_014637.1_gene_2	YP_003969754.1	43.182	44	24	1	835	963	3	46	0.018	31.6
lcl|NC_014637.1_gene_2	YP_003969754.1	46.154	39	20	1	895	1008	1	39	0.024	31.2
lcl|NC_014637.1_gene_2	YP_003969754.1	44.737	38	20	1	439	549	3	40	0.027	30.8
lcl|NC_014637.1_gene_2	YP_003969754.1	46.154	39	20	1	1627	1740	3	41	0.028	30.8
lcl|NC_014637.1_gene_2	YP_003969660.1	46.809	47	24	1	61	198	31	77	6.62e-04	36.2
lcl|NC_014637.1_gene_2	YP_003969660.1	30.435	69	44	3	1387	1584	9	76	0.056	30.8
lcl|NC_014637.1_gene_2	YP_003969660.1	33.333	42	27	1	865	990	36	76	0.25	28.9
lcl|NC_014637.1_gene_2	YP_003969660.1	32.877	73	39	6	1519	1719	9	77	0.35	28.5
lcl|NC_014637.1_gene_2	YP_003969660.1	33.333	48	30	2	1177	1320	31	76	1.2	26.9
lcl|NC_014637.1_gene_2	YP_003970171.1	35.714	56	33	2	1525	1692	1	53	0.035	30.8
lcl|NC_014637.1_gene_2	YP_003970171.1	33.929	56	34	2	1393	1560	1	53	0.12	29.3
lcl|NC_014637.1_gene_2	YP_003970171.1	39.286	56	31	3	601	768	1	53	0.33	28.1
lcl|NC_014637.1_gene_2	YP_003970171.1	35.185	54	32	2	1135	1296	3	53	0.54	27.3
lcl|NC_014637.1_gene_2	YP_003970171.1	33.929	56	34	2	1261	1428	1	53	0.90	26.6
lcl|NC_014637.1_gene_2	YP_003970171.1	40.426	47	16	2	892	1029	17	52	1.1	26.6
lcl|NC_014637.1_gene_2	YP_003970171.1	39.623	53	29	3	469	627	1	50	1.3	26.2
lcl|NC_014637.1_gene_2	YP_003970171.1	38.636	44	26	1	238	369	10	52	1.5	26.2
lcl|NC_014637.1_gene_2	YP_003970171.1	56.522	23	10	0	238	306	31	53	2.0	25.8
lcl|NC_014637.1_gene_2	YP_003970171.1	43.243	37	20	1	1252	1362	18	53	3.3	25.0
lcl|NC_014637.1_gene_2	YP_003970171.1	33.929	56	34	2	667	834	1	53	5.4	24.6
lcl|NC_014637.1_gene_2	YP_003970171.1	66.667	15	5	0	451	495	36	50	6.7	24.3
lcl|NC_014637.1_gene_2	YP_003969741.1	35.000	80	43	4	1546	1782	516	587	0.12	32.7
lcl|NC_014637.1_gene_2	YP_003970074.1	36.364	44	28	0	964	1095	11	54	0.42	27.7
lcl|NC_014637.1_gene_2	YP_003970074.1	41.026	39	23	0	916	1032	17	55	0.50	27.3
lcl|NC_014637.1_gene_2	YP_003970074.1	36.842	38	24	0	256	369	17	54	0.53	27.3
lcl|NC_014637.1_gene_2	YP_003970074.1	40.000	35	21	0	1585	1689	20	54	0.63	27.3
lcl|NC_014637.1_gene_2	YP_003970074.1	36.842	38	24	0	1444	1557	17	54	5.1	24.6
lcl|NC_014637.1_gene_2	YP_003970074.1	36.111	36	23	0	388	495	17	52	9.5	23.9
lcl|NC_014637.1_gene_2	YP_007354076.1	22.034	118	79	3	379	720	23	131	2.6	27.7
lcl|NC_014637.1_gene_2	YP_007354788.1	32.941	85	42	5	592	837	266	338	3.0	27.7
lcl|NC_014637.1_gene_2	YP_007354788.1	28.846	104	50	4	328	576	266	366	3.2	27.7
lcl|NC_014637.1_gene_2	YP_007354788.1	31.765	85	43	4	790	1035	266	338	8.4	26.6
lcl|NC_014637.1_gene_2	YP_294113.1	34.545	55	34	2	940	1101	133	186	3.4	27.3
lcl|NC_014637.1_gene_2	YP_007354270.1	35.556	45	23	2	1420	1536	125	169	5.8	26.6
lcl|NC_014637.1_gene_2	YP_001427215.1	28.814	59	37	1	805	981	145	198	8.4	26.2
lcl|NC_014637.1_gene_2	YP_009015855.1	27.119	59	41	2	1408	1578	136	194	9.4	25.8
